4109
63 13941
99 39686
53 6425
66 15521
63 13631
92 34579
77 23716
59 10794
76 23060
63 13654
64 14379
87 30780
67 16765
93 35384
65 15211
55 7984
74 21921
78 24797
60 11344
96 37199
71 19361
95 36695
92 34774
55 8121
73 20583
73 20812
67 16287
76 22886
65 15226
71 19268
50 4142
73 20847
86 30577
73 21195
68 17095
57 9107
65 15097
86 30319
87 31007
61 11975
83 27777
61 12570
65 15277
68 17418
56 8328
81 26467
74 21693
80 25988
55 7773
59 11027
50 4089
74 21388
70 18955
64 14393
50 4289
97 37958
63 13781
65 15143
64 14357
76 22826
89 32722
96 37393
51 5007
99 39316
80 26157
64 14366
60 11329
51 5439
61 12584
90 32997
