1905371
26763 172
34516 225
10210 60
34794 227
38025 249
18405 116
26916 174
8982 52
22031 140
27624 178
19640 124
26755 172
47336 312
44672 294
25396 163
20735 132
21300 135
18212 115
18183 114
13158 80
38274 250
24492 157
29702 192
22178 141
45182 297
23210 148
8388 48
49871 329
40701 267
46030 303
14267 88
39706 260
46543 306
13539 83
42866 281
48360 319
36307 237
28028 181
11419 69
29482 191
29775 193
42141 277
17553 110
21972 140
16502 103
45297 298
13445 82
25069 161
7576 43
15600 97
18403 116
22102 141
45927 302
16222 101
26928 174
8073 46
44745 294
48428 319
19156 121
34711 226
49573 327
10251 61
22508 144
46430 306
23033 147
22778 146
21679 138
29359 190
37364 244
27547 178
26763 172
47648 314
25574 164
31207 203
40777 267
6009 32
14239 88
38799 254
32252 210
7333 41
12621 77
34310 224
17916 113
30328 197
43413 285
10185 60
39524 259
33181 216
22794 146
30378 197
28032 181
35643 233
46524 306
7701 43
19048 120
17671 111
41532 272
31257 203
35862 234
31251 203
