567894
8828 6937
4203 5209
14155 8928
20214 11192
7402 6404
19537 10939
28846 14418
30164 14911
19456 10909
5303 5620
17243 10082
8320 6747
21246 11578
22485 12041
15785 9537
21530 11684
24386 12751
26201 13430
5435 5669
26447 13522
19393 10886
25573 13195
21640 11725
6069 5906
18031 10377
8458 6799
26491 13538
25543 13184
7206 6331
30197 14923
25362 13116
13912 8837
28611 14330
9045 7019
28538 14303
6122 5926
18813 10669
17591 10212
17387 10136
21106 11526
26237 13443
17913 10333
14021 8878
5488 5689
4136 5184
15886 9575
21027 11496
30211 14928
20998 11485
14348 9000
